bmb_file.bmb01,bmb_file.bmb02,bmb_file.bmb03,bmb_file.bmb04,bmb_file.bmb05,bmb_file.bmb06,bmb_file.bmb07,bmb_file.bmb08,bmb_file.bmb09,bmb_file.bmb10,bmb_file.bmb10_fac,bmb_file.bmb10_fac2,bmb_file.bmb11,bmb_file.bmb13,bmb_file.bmb14,bmb_file.bmb15,bmb_file.bmb16,bmb_file.bmb17,bmb_file.bmb18,bmb_file.bmb19,bmb_file.bmb20,bmb_file.bmb21,bmb_file.bmb22,bmb_file.bmb23,bmb_file.bmb24,bmb_file.bmb25,bmb_file.bmb26,bmb_file.bmb27,bmb_file.bmb28,bmb_file.bmbmodu,bmb_file.bmbdate,bmb_file.bmbcomm,bmb_file.bmb29,bmb_file.bmb30,bmb_file.bmb31,bmb_file.bmb33,bmb_file.bmbud01,bmb_file.bmbud02,bmb_file.bmbud03,bmb_file.bmbud04,bmb_file.bmbud05,bmb_file.bmbud06,bmb_file.bmbud07,bmb_file.bmbud08,bmb_file.bmbud09,bmb_file.bmbud10,bmb_file.bmbud11,bmb_file.bmbud12,bmb_file.bmbud13,bmb_file.bmbud14,bmb_file.bmbud15,bmb_file.bmb081,bmb_file.bmb082,bmb_file.bmb36,bmb_file.bmb37,ima02,
22MN10C06XXX,10,0000-100030,2/14/2022 0:00,,178,1,0,,KG,1,1,,,0,N,0,N,0,1,,,,100,,R41-0-02,,N,0,tiptop,2/14/2022 0:00,abmi600,R41CTP-801,,N,0,,,,,,,,,,,,,,,,0,1,,,WATER,1618
22MN10C06XXX,15,0000-100011,2/14/2022 0:00,,239,1,0,,KG,1,1,,,0,N,0,N,0,1,,,,100,,R41-0-01,,N,0,tiptop,2/14/2022 0:00,abmi600,R41CTP-801,,N,0,,,,,,,,,,,,,,,,0,1,,,SEMEN,
22MN10C06XXX,20,0000-000015,2/14/2022 0:00,,80,1,0,,KG,1,1,,,1,N,0,N,0,1,,,,100,,R41-0-01,,N,0,tiptop,2/14/2022 0:00,abmi600,R41CTP-801,,N,0,,,,,,,,,,,,,,,,0,1,,,FA,
22MN10C06XXX,25,0000-100094,2/14/2022 0:00,,501,1,0,,KG,1,1,,,0,N,0,N,0,1,,,,100,,R41-0-Z0,,N,0,tiptop,2/14/2022 0:00,abmi600,R41CTP-801,,N,0,,,,,,,,,,,,,,,,0,1,,,SAND,
22MN10C06XXX,30,0000-100089,2/14/2022 0:00,,489,1,0,,KG,1,1,,,1,N,0,N,0,1,,,,100,,R41-0-01,,N,0,tiptop,2/14/2022 0:00,abmi600,R41CTP-801,,N,0,,,,,,,,,,,,,,,,0,1,,,MSAND,
22MN10C06XXX,35,0000-100090,2/14/2022 0:00,,773,1,0,,KG,1,1,,,1,N,0,N,0,1,,,,100,,R41-0-01,,N,0,tiptop,2/14/2022 0:00,abmi600,R41CTP-801,,N,0,,,,,,,,,,,,,,,,0,1,,,AGG1,
22MN10C06XXX,40,0000-100091,2/14/2022 0:00,,0,1,0,,KG,1,1,,,0,N,0,N,0,1,,,,100,,R41-0-01,,N,0,tiptop,2/14/2022 0:00,abmi600,R41CTP-801,,N,0,,,,,,,,,,,,,,,,0,1,,,AGG2,
22MN10C06XXX,45,0000-100092,2/14/2022 0:00,,0,1,0,,KG,1,1,,,0,N,0,N,0,1,,,,100,,R41-0-01,,N,0,tiptop,2/14/2022 0:00,abmi600,R41CTP-801,,N,0,,,,,,,,,,,,,,,,0,1,,,AGG3,
22MN10C06XXX,50,0002-100441,2/14/2022 0:00,,1.11,1,0,,KG,1,1,,,1,N,0,N,0,1,,,,100,,R41-0-01,,N,0,tiptop,2/14/2022 0:00,abmi600,R41CTP-801,,N,0,,,,,,,,,,,,,,,,0,1,,,FLBPD-19,
22MN10C06XXX,55,0002-100440,2/14/2022 0:00,,0.74,1,0,,KG,1,1,,,0,N,0,N,0,1,,,,100,,R41-0-01,,N,0,tiptop,2/14/2022 0:00,abmi600,R41CTP-801,,N,0,,,,,,,,,,,,,,,,0,1,,,FLBNF-15,
22MN10C06XXX,60,0002-100442,2/14/2022 0:00,,0.00,1,0,,KG,1,1,,,0,N,0,N,0,1,,,,100,,R41-0-01,,N,0,tiptop,2/14/2022 0:00,abmi600,R41CTP-801,,N,0,,,,,,,,,,,,,,,,0,1,,,FLB-RPF34,
25MN10C06XXX,10,0000-100030,2/14/2022 0:00,,178,1,0,,KG,1,1,,,0,N,0,N,0,1,,,,100,,R41-0-02,,N,0,tiptop,2/14/2022 0:00,abmi600,R41CTP-801,,N,0,,,,,,,,,,,,,,,,0,1,,,WATER,1619
25MN10C06XXX,15,0000-100011,2/14/2022 0:00,,261,1,0,,KG,1,1,,,0,N,0,N,0,1,,,,100,,R41-0-01,,N,0,tiptop,2/14/2022 0:00,abmi600,R41CTP-801,,N,0,,,,,,,,,,,,,,,,0,1,,,SEMEN,
25MN10C06XXX,20,0000-000015,2/14/2022 0:00,,87,1,0,,KG,1,1,,,1,N,0,N,0,1,,,,100,,R41-0-01,,N,0,tiptop,2/14/2022 0:00,abmi600,R41CTP-801,,N,0,,,,,,,,,,,,,,,,0,1,,,FA,
25MN10C06XXX,25,0000-100094,2/14/2022 0:00,,487,1,0,,KG,1,1,,,0,N,0,N,0,1,,,,100,,R41-0-Z0,,N,0,tiptop,2/14/2022 0:00,abmi600,R41CTP-801,,N,0,,,,,,,,,,,,,,,,0,1,,,SAND,
25MN10C06XXX,30,0000-100089,2/14/2022 0:00,,476,1,0,,KG,1,1,,,1,N,0,N,0,1,,,,100,,R41-0-01,,N,0,tiptop,2/14/2022 0:00,abmi600,R41CTP-801,,N,0,,,,,,,,,,,,,,,,0,1,,,MSAND,
25MN10C06XXX,35,0000-100090,2/14/2022 0:00,,773,1,0,,KG,1,1,,,1,N,0,N,0,1,,,,100,,R41-0-01,,N,0,tiptop,2/14/2022 0:00,abmi600,R41CTP-801,,N,0,,,,,,,,,,,,,,,,0,1,,,AGG1,
25MN10C06XXX,40,0000-100091,2/14/2022 0:00,,0,1,0,,KG,1,1,,,0,N,0,N,0,1,,,,100,,R41-0-01,,N,0,tiptop,2/14/2022 0:00,abmi600,R41CTP-801,,N,0,,,,,,,,,,,,,,,,0,1,,,AGG2,
25MN10C06XXX,45,0000-100092,2/14/2022 0:00,,0,1,0,,KG,1,1,,,0,N,0,N,0,1,,,,100,,R41-0-01,,N,0,tiptop,2/14/2022 0:00,abmi600,R41CTP-801,,N,0,,,,,,,,,,,,,,,,0,1,,,AGG3,
25MN10C06XXX,50,0002-100441,2/14/2022 0:00,,1.21,1,0,,KG,1,1,,,1,N,0,N,0,1,,,,100,,R41-0-01,,N,0,tiptop,2/14/2022 0:00,abmi600,R41CTP-801,,N,0,,,,,,,,,,,,,,,,0,1,,,FLBPD-19,
25MN10C06XXX,55,0002-100440,2/14/2022 0:00,,0.81,1,0,,KG,1,1,,,0,N,0,N,0,1,,,,100,,R41-0-01,,N,0,tiptop,2/14/2022 0:00,abmi600,R41CTP-801,,N,0,,,,,,,,,,,,,,,,0,1,,,FLBNF-15,
25MN10C06XXX,60,0002-100442,2/14/2022 0:00,,0.00,1,0,,KG,1,1,,,0,N,0,N,0,1,,,,100,,R41-0-01,,N,0,tiptop,2/14/2022 0:00,abmi600,R41CTP-801,,N,0,,,,,,,,,,,,,,,,0,1,,,FLB-RPF34,
27MN10C06XXX,10,0000-100030,2/14/2022 0:00,,178,1,0,,KG,1,1,,,0,N,0,N,0,1,,,,100,,R41-0-02,,N,0,tiptop,2/14/2022 0:00,abmi600,R41CTP-801,,N,0,,,,,,,,,,,,,,,,0,1,,,WATER,1620
27MN10C06XXX,15,0000-100011,2/14/2022 0:00,,277,1,0,,KG,1,1,,,0,N,0,N,0,1,,,,100,,R41-0-01,,N,0,tiptop,2/14/2022 0:00,abmi600,R41CTP-801,,N,0,,,,,,,,,,,,,,,,0,1,,,SEMEN,
27MN10C06XXX,20,0000-000015,2/14/2022 0:00,,92,1,0,,KG,1,1,,,1,N,0,N,0,1,,,,100,,R41-0-01,,N,0,tiptop,2/14/2022 0:00,abmi600,R41CTP-801,,N,0,,,,,,,,,,,,,,,,0,1,,,FA,
27MN10C06XXX,25,0000-100094,2/14/2022 0:00,,477,1,0,,KG,1,1,,,0,N,0,N,0,1,,,,100,,R41-0-Z0,,N,0,tiptop,2/14/2022 0:00,abmi600,R41CTP-801,,N,0,,,,,,,,,,,,,,,,0,1,,,SAND,
27MN10C06XXX,30,0000-100089,2/14/2022 0:00,,466,1,0,,KG,1,1,,,1,N,0,N,0,1,,,,100,,R41-0-01,,N,0,tiptop,2/14/2022 0:00,abmi600,R41CTP-801,,N,0,,,,,,,,,,,,,,,,0,1,,,MSAND,
27MN10C06XXX,35,0000-100090,2/14/2022 0:00,,773,1,0,,KG,1,1,,,1,N,0,N,0,1,,,,100,,R41-0-01,,N,0,tiptop,2/14/2022 0:00,abmi600,R41CTP-801,,N,0,,,,,,,,,,,,,,,,0,1,,,AGG1,
27MN10C06XXX,40,0000-100091,2/14/2022 0:00,,0,1,0,,KG,1,1,,,0,N,0,N,0,1,,,,100,,R41-0-01,,N,0,tiptop,2/14/2022 0:00,abmi600,R41CTP-801,,N,0,,,,,,,,,,,,,,,,0,1,,,AGG2,
27MN10C06XXX,45,0000-100092,2/14/2022 0:00,,0,1,0,,KG,1,1,,,0,N,0,N,0,1,,,,100,,R41-0-01,,N,0,tiptop,2/14/2022 0:00,abmi600,R41CTP-801,,N,0,,,,,,,,,,,,,,,,0,1,,,AGG3,
27MN10C06XXX,50,0002-100441,2/14/2022 0:00,,1.28,1,0,,KG,1,1,,,1,N,0,N,0,1,,,,100,,R41-0-01,,N,0,tiptop,2/14/2022 0:00,abmi600,R41CTP-801,,N,0,,,,,,,,,,,,,,,,0,1,,,FLBPD-19,
27MN10C06XXX,55,0002-100440,2/14/2022 0:00,,0.86,1,0,,KG,1,1,,,0,N,0,N,0,1,,,,100,,R41-0-01,,N,0,tiptop,2/14/2022 0:00,abmi600,R41CTP-801,,N,0,,,,,,,,,,,,,,,,0,1,,,FLBNF-15,
27MN10C06XXX,60,0002-100442,2/14/2022 0:00,,0.00,1,0,,KG,1,1,,,0,N,0,N,0,1,,,,100,,R41-0-01,,N,0,tiptop,2/14/2022 0:00,abmi600,R41CTP-801,,N,0,,,,,,,,,,,,,,,,0,1,,,FLB-RPF34,
30MN10C06XXX,10,0000-100030,2/14/2022 0:00,,178,1,0,,KG,1,1,,,0,N,0,N,0,1,,,,100,,R41-0-02,,N,0,tiptop,2/14/2022 0:00,abmi600,R41CTP-801,,N,0,,,,,,,,,,,,,,,,0,1,,,WATER,1621
30MN10C06XXX,15,0000-100011,2/14/2022 0:00,,301,1,0,,KG,1,1,,,0,N,0,N,0,1,,,,100,,R41-0-01,,N,0,tiptop,2/14/2022 0:00,abmi600,R41CTP-801,,N,0,,,,,,,,,,,,,,,,0,1,,,SEMEN,
30MN10C06XXX,20,0000-000015,2/14/2022 0:00,,100,1,0,,KG,1,1,,,1,N,0,N,0,1,,,,100,,R41-0-01,,N,0,tiptop,2/14/2022 0:00,abmi600,R41CTP-801,,N,0,,,,,,,,,,,,,,,,0,1,,,FA,
30MN10C06XXX,25,0000-100094,2/14/2022 0:00,,462,1,0,,KG,1,1,,,0,N,0,N,0,1,,,,100,,R41-0-Z0,,N,0,tiptop,2/14/2022 0:00,abmi600,R41CTP-801,,N,0,,,,,,,,,,,,,,,,0,1,,,SAND,
30MN10C06XXX,30,0000-100089,2/14/2022 0:00,,452,1,0,,KG,1,1,,,1,N,0,N,0,1,,,,100,,R41-0-01,,N,0,tiptop,2/14/2022 0:00,abmi600,R41CTP-801,,N,0,,,,,,,,,,,,,,,,0,1,,,MSAND,
30MN10C06XXX,35,0000-100090,2/14/2022 0:00,,773,1,0,,KG,1,1,,,1,N,0,N,0,1,,,,100,,R41-0-01,,N,0,tiptop,2/14/2022 0:00,abmi600,R41CTP-801,,N,0,,,,,,,,,,,,,,,,0,1,,,AGG1,
30MN10C06XXX,40,0000-100091,2/14/2022 0:00,,0,1,0,,KG,1,1,,,0,N,0,N,0,1,,,,100,,R41-0-01,,N,0,tiptop,2/14/2022 0:00,abmi600,R41CTP-801,,N,0,,,,,,,,,,,,,,,,0,1,,,AGG2,
30MN10C06XXX,45,0000-100092,2/14/2022 0:00,,0,1,0,,KG,1,1,,,0,N,0,N,0,1,,,,100,,R41-0-01,,N,0,tiptop,2/14/2022 0:00,abmi600,R41CTP-801,,N,0,,,,,,,,,,,,,,,,0,1,,,AGG3,
30MN10C06XXX,50,0002-100441,2/14/2022 0:00,,1.40,1,0,,KG,1,1,,,1,N,0,N,0,1,,,,100,,R41-0-01,,N,0,tiptop,2/14/2022 0:00,abmi600,R41CTP-801,,N,0,,,,,,,,,,,,,,,,0,1,,,FLBPD-19,
30MN10C06XXX,55,0002-100440,2/14/2022 0:00,,0.93,1,0,,KG,1,1,,,0,N,0,N,0,1,,,,100,,R41-0-01,,N,0,tiptop,2/14/2022 0:00,abmi600,R41CTP-801,,N,0,,,,,,,,,,,,,,,,0,1,,,FLBNF-15,
30MN10C06XXX,60,0002-100442,2/14/2022 0:00,,0.00,1,0,,KG,1,1,,,0,N,0,N,0,1,,,,100,,R41-0-01,,N,0,tiptop,2/14/2022 0:00,abmi600,R41CTP-801,,N,0,,,,,,,,,,,,,,,,0,1,,,FLB-RPF34,
32MN10C06XXX,10,0000-100030,2/14/2022 0:00,,178,1,0,,KG,1,1,,,0,N,0,N,0,1,,,,100,,R41-0-02,,N,0,tiptop,2/14/2022 0:00,abmi600,R41CTP-801,,N,0,,,,,,,,,,,,,,,,0,1,,,WATER,1622
32MN10C06XXX,15,0000-100011,2/14/2022 0:00,,318,1,0,,KG,1,1,,,0,N,0,N,0,1,,,,100,,R41-0-01,,N,0,tiptop,2/14/2022 0:00,abmi600,R41CTP-801,,N,0,,,,,,,,,,,,,,,,0,1,,,SEMEN,
32MN10C06XXX,20,0000-000015,2/14/2022 0:00,,106,1,0,,KG,1,1,,,1,N,0,N,0,1,,,,100,,R41-0-01,,N,0,tiptop,2/14/2022 0:00,abmi600,R41CTP-801,,N,0,,,,,,,,,,,,,,,,0,1,,,FA,
32MN10C06XXX,25,0000-100094,2/14/2022 0:00,,452,1,0,,KG,1,1,,,0,N,0,N,0,1,,,,100,,R41-0-Z0,,N,0,tiptop,2/14/2022 0:00,abmi600,R41CTP-801,,N,0,,,,,,,,,,,,,,,,0,1,,,SAND,
32MN10C06XXX,30,0000-100089,2/14/2022 0:00,,441,1,0,,KG,1,1,,,1,N,0,N,0,1,,,,100,,R41-0-01,,N,0,tiptop,2/14/2022 0:00,abmi600,R41CTP-801,,N,0,,,,,,,,,,,,,,,,0,1,,,MSAND,
32MN10C06XXX,35,0000-100090,2/14/2022 0:00,,773,1,0,,KG,1,1,,,1,N,0,N,0,1,,,,100,,R41-0-01,,N,0,tiptop,2/14/2022 0:00,abmi600,R41CTP-801,,N,0,,,,,,,,,,,,,,,,0,1,,,AGG1,
32MN10C06XXX,40,0000-100091,2/14/2022 0:00,,0,1,0,,KG,1,1,,,0,N,0,N,0,1,,,,100,,R41-0-01,,N,0,tiptop,2/14/2022 0:00,abmi600,R41CTP-801,,N,0,,,,,,,,,,,,,,,,0,1,,,AGG2,
32MN10C06XXX,45,0000-100092,2/14/2022 0:00,,0,1,0,,KG,1,1,,,0,N,0,N,0,1,,,,100,,R41-0-01,,N,0,tiptop,2/14/2022 0:00,abmi600,R41CTP-801,,N,0,,,,,,,,,,,,,,,,0,1,,,AGG3,
32MN10C06XXX,50,0002-100441,2/14/2022 0:00,,1.48,1,0,,KG,1,1,,,1,N,0,N,0,1,,,,100,,R41-0-01,,N,0,tiptop,2/14/2022 0:00,abmi600,R41CTP-801,,N,0,,,,,,,,,,,,,,,,0,1,,,FLBPD-19,
32MN10C06XXX,55,0002-100440,2/14/2022 0:00,,0.98,1,0,,KG,1,1,,,0,N,0,N,0,1,,,,100,,R41-0-01,,N,0,tiptop,2/14/2022 0:00,abmi600,R41CTP-801,,N,0,,,,,,,,,,,,,,,,0,1,,,FLBNF-15,
32MN10C06XXX,60,0002-100442,2/14/2022 0:00,,0.00,1,0,,KG,1,1,,,0,N,0,N,0,1,,,,100,,R41-0-01,,N,0,tiptop,2/14/2022 0:00,abmi600,R41CTP-801,,N,0,,,,,,,,,,,,,,,,0,1,,,FLB-RPF34,
33MN10C06XXX,10,0000-100030,2/14/2022 0:00,,178,1,0,,KG,1,1,,,0,N,0,N,0,1,,,,100,,R41-0-02,,N,0,tiptop,2/14/2022 0:00,abmi600,R41CTP-801,,N,0,,,,,,,,,,,,,,,,0,1,,,WATER,1623
33MN10C06XXX,15,0000-100011,2/14/2022 0:00,,327,1,0,,KG,1,1,,,0,N,0,N,0,1,,,,100,,R41-0-01,,N,0,tiptop,2/14/2022 0:00,abmi600,R41CTP-801,,N,0,,,,,,,,,,,,,,,,0,1,,,SEMEN,
33MN10C06XXX,20,0000-000015,2/14/2022 0:00,,109,1,0,,KG,1,1,,,1,N,0,N,0,1,,,,100,,R41-0-01,,N,0,tiptop,2/14/2022 0:00,abmi600,R41CTP-801,,N,0,,,,,,,,,,,,,,,,0,1,,,FA,
33MN10C06XXX,25,0000-100094,2/14/2022 0:00,,446,1,0,,KG,1,1,,,0,N,0,N,0,1,,,,100,,R41-0-Z0,,N,0,tiptop,2/14/2022 0:00,abmi600,R41CTP-801,,N,0,,,,,,,,,,,,,,,,0,1,,,SAND,
33MN10C06XXX,30,0000-100089,2/14/2022 0:00,,436,1,0,,KG,1,1,,,1,N,0,N,0,1,,,,100,,R41-0-01,,N,0,tiptop,2/14/2022 0:00,abmi600,R41CTP-801,,N,0,,,,,,,,,,,,,,,,0,1,,,MSAND,
33MN10C06XXX,35,0000-100090,2/14/2022 0:00,,773,1,0,,KG,1,1,,,1,N,0,N,0,1,,,,100,,R41-0-01,,N,0,tiptop,2/14/2022 0:00,abmi600,R41CTP-801,,N,0,,,,,,,,,,,,,,,,0,1,,,AGG1,
33MN10C06XXX,40,0000-100091,2/14/2022 0:00,,0,1,0,,KG,1,1,,,0,N,0,N,0,1,,,,100,,R41-0-01,,N,0,tiptop,2/14/2022 0:00,abmi600,R41CTP-801,,N,0,,,,,,,,,,,,,,,,0,1,,,AGG2,
33MN10C06XXX,45,0000-100092,2/14/2022 0:00,,0,1,0,,KG,1,1,,,0,N,0,N,0,1,,,,100,,R41-0-01,,N,0,tiptop,2/14/2022 0:00,abmi600,R41CTP-801,,N,0,,,,,,,,,,,,,,,,0,1,,,AGG3,
33MN10C06XXX,50,0002-100441,2/14/2022 0:00,,1.52,1,0,,KG,1,1,,,1,N,0,N,0,1,,,,100,,R41-0-01,,N,0,tiptop,2/14/2022 0:00,abmi600,R41CTP-801,,N,0,,,,,,,,,,,,,,,,0,1,,,FLBPD-19,
33MN10C06XXX,55,0002-100440,2/14/2022 0:00,,1.01,1,0,,KG,1,1,,,0,N,0,N,0,1,,,,100,,R41-0-01,,N,0,tiptop,2/14/2022 0:00,abmi600,R41CTP-801,,N,0,,,,,,,,,,,,,,,,0,1,,,FLBNF-15,
33MN10C06XXX,60,0002-100442,2/14/2022 0:00,,0.00,1,0,,KG,1,1,,,0,N,0,N,0,1,,,,100,,R41-0-01,,N,0,tiptop,2/14/2022 0:00,abmi600,R41CTP-801,,N,0,,,,,,,,,,,,,,,,0,1,,,FLB-RPF34,
35MN10C06XXX,10,0000-100030,2/14/2022 0:00,,166,1,0,,KG,1,1,,,0,N,0,N,0,1,,,,100,,R41-0-02,,N,0,tiptop,2/14/2022 0:00,abmi600,R41CTP-801,,N,0,,,,,,,,,,,,,,,,0,1,,,WATER,1624
35MN10C06XXX,15,0000-100011,2/14/2022 0:00,,322,1,0,,KG,1,1,,,0,N,0,N,0,1,,,,100,,R41-0-01,,N,0,tiptop,2/14/2022 0:00,abmi600,R41CTP-801,,N,0,,,,,,,,,,,,,,,,0,1,,,SEMEN,
35MN10C06XXX,20,0000-000015,2/14/2022 0:00,,107,1,0,,KG,1,1,,,1,N,0,N,0,1,,,,100,,R41-0-01,,N,0,tiptop,2/14/2022 0:00,abmi600,R41CTP-801,,N,0,,,,,,,,,,,,,,,,0,1,,,FA,
35MN10C06XXX,25,0000-100094,2/14/2022 0:00,,464,1,0,,KG,1,1,,,0,N,0,N,0,1,,,,100,,R41-0-Z0,,N,0,tiptop,2/14/2022 0:00,abmi600,R41CTP-801,,N,0,,,,,,,,,,,,,,,,0,1,,,SAND,
35MN10C06XXX,30,0000-100089,2/14/2022 0:00,,453,1,0,,KG,1,1,,,1,N,0,N,0,1,,,,100,,R41-0-01,,N,0,tiptop,2/14/2022 0:00,abmi600,R41CTP-801,,N,0,,,,,,,,,,,,,,,,0,1,,,MSAND,
35MN10C06XXX,35,0000-100090,2/14/2022 0:00,,773,1,0,,KG,1,1,,,1,N,0,N,0,1,,,,100,,R41-0-01,,N,0,tiptop,2/14/2022 0:00,abmi600,R41CTP-801,,N,0,,,,,,,,,,,,,,,,0,1,,,AGG1,
35MN10C06XXX,40,0000-100091,2/14/2022 0:00,,0,1,0,,KG,1,1,,,0,N,0,N,0,1,,,,100,,R41-0-01,,N,0,tiptop,2/14/2022 0:00,abmi600,R41CTP-801,,N,0,,,,,,,,,,,,,,,,0,1,,,AGG2,
35MN10C06XXX,45,0000-100092,2/14/2022 0:00,,0,1,0,,KG,1,1,,,0,N,0,N,0,1,,,,100,,R41-0-01,,N,0,tiptop,2/14/2022 0:00,abmi600,R41CTP-801,,N,0,,,,,,,,,,,,,,,,0,1,,,AGG3,
35MN10C06XXX,50,0002-100441,2/14/2022 0:00,,1.49,1,0,,KG,1,1,,,1,N,0,N,0,1,,,,100,,R41-0-01,,N,0,tiptop,2/14/2022 0:00,abmi600,R41CTP-801,,N,0,,,,,,,,,,,,,,,,0,1,,,FLBPD-19,
35MN10C06XXX,55,0002-100440,2/14/2022 0:00,,1.99,1,0,,KG,1,1,,,0,N,0,N,0,1,,,,100,,R41-0-01,,N,0,tiptop,2/14/2022 0:00,abmi600,R41CTP-801,,N,0,,,,,,,,,,,,,,,,0,1,,,FLBNF-15,
35MN10C06XXX,60,0002-100442,2/14/2022 0:00,,0.00,1,0,,KG,1,1,,,0,N,0,N,0,1,,,,100,,R41-0-01,,N,0,tiptop,2/14/2022 0:00,abmi600,R41CTP-801,,N,0,,,,,,,,,,,,,,,,0,1,,,FLB-RPF34,
08MN12C06XXX,10,0000-100030,2/14/2022 0:00,,178,1,0,,KG,1,1,,,0,N,0,N,0,1,,,,100,,R41-0-02,,N,0,tiptop,2/14/2022 0:00,abmi600,R41CTP-801,,N,0,,,,,,,,,,,,,,,,0,1,,,WATER,1625
08MN12C06XXX,15,0000-100011,2/14/2022 0:00,,143,1,0,,KG,1,1,,,0,N,0,N,0,1,,,,100,,R41-0-01,,N,0,tiptop,2/14/2022 0:00,abmi600,R41CTP-801,,N,0,,,,,,,,,,,,,,,,0,1,,,SEMEN,
08MN12C06XXX,20,0000-000015,2/14/2022 0:00,,48,1,0,,KG,1,1,,,1,N,0,N,0,1,,,,100,,R41-0-01,,N,0,tiptop,2/14/2022 0:00,abmi600,R41CTP-801,,N,0,,,,,,,,,,,,,,,,0,1,,,FA,
08MN12C06XXX,25,0000-100094,2/14/2022 0:00,,561,1,0,,KG,1,1,,,0,N,0,N,0,1,,,,100,,R41-0-Z0,,N,0,tiptop,2/14/2022 0:00,abmi600,R41CTP-801,,N,0,,,,,,,,,,,,,,,,0,1,,,SAND,
08MN12C06XXX,30,0000-100089,2/14/2022 0:00,,548,1,0,,KG,1,1,,,1,N,0,N,0,1,,,,100,,R41-0-01,,N,0,tiptop,2/14/2022 0:00,abmi600,R41CTP-801,,N,0,,,,,,,,,,,,,,,,0,1,,,MSAND,
08MN12C06XXX,35,0000-100090,2/14/2022 0:00,,773,1,0,,KG,1,1,,,1,N,0,N,0,1,,,,100,,R41-0-01,,N,0,tiptop,2/14/2022 0:00,abmi600,R41CTP-801,,N,0,,,,,,,,,,,,,,,,0,1,,,AGG1,
08MN12C06XXX,40,0000-100091,2/14/2022 0:00,,0,1,0,,KG,1,1,,,0,N,0,N,0,1,,,,100,,R41-0-01,,N,0,tiptop,2/14/2022 0:00,abmi600,R41CTP-801,,N,0,,,,,,,,,,,,,,,,0,1,,,AGG2,
08MN12C06XXX,45,0000-100092,2/14/2022 0:00,,0,1,0,,KG,1,1,,,0,N,0,N,0,1,,,,100,,R41-0-01,,N,0,tiptop,2/14/2022 0:00,abmi600,R41CTP-801,,N,0,,,,,,,,,,,,,,,,0,1,,,AGG3,
08MN12C06XXX,50,0002-100441,2/14/2022 0:00,,0.67,1,0,,KG,1,1,,,1,N,0,N,0,1,,,,100,,R41-0-01,,N,0,tiptop,2/14/2022 0:00,abmi600,R41CTP-801,,N,0,,,,,,,,,,,,,,,,0,1,,,FLBPD-19,
08MN12C06XXX,55,0002-100440,2/14/2022 0:00,,0.00,1,0,,KG,1,1,,,0,N,0,N,0,1,,,,100,,R41-0-01,,N,0,tiptop,2/14/2022 0:00,abmi600,R41CTP-801,,N,0,,,,,,,,,,,,,,,,0,1,,,FLBNF-15,
08MN12C06XXX,60,0002-100442,2/14/2022 0:00,,0.00,1,0,,KG,1,1,,,0,N,0,N,0,1,,,,100,,R41-0-01,,N,0,tiptop,2/14/2022 0:00,abmi600,R41CTP-801,,N,0,,,,,,,,,,,,,,,,0,1,,,FLB-RPF34,
10MN12C06XXX,10,0000-100030,2/14/2022 0:00,,178,1,0,,KG,1,1,,,0,N,0,N,0,1,,,,100,,R41-0-02,,N,0,tiptop,2/14/2022 0:00,abmi600,R41CTP-801,,N,0,,,,,,,,,,,,,,,,0,1,,,WATER,1626
10MN12C06XXX,15,0000-100011,2/14/2022 0:00,,157,1,0,,KG,1,1,,,0,N,0,N,0,1,,,,100,,R41-0-01,,N,0,tiptop,2/14/2022 0:00,abmi600,R41CTP-801,,N,0,,,,,,,,,,,,,,,,0,1,,,SEMEN,
10MN12C06XXX,20,0000-000015,2/14/2022 0:00,,52,1,0,,KG,1,1,,,1,N,0,N,0,1,,,,100,,R41-0-01,,N,0,tiptop,2/14/2022 0:00,abmi600,R41CTP-801,,N,0,,,,,,,,,,,,,,,,0,1,,,FA,
10MN12C06XXX,25,0000-100094,2/14/2022 0:00,,553,1,0,,KG,1,1,,,0,N,0,N,0,1,,,,100,,R41-0-Z0,,N,0,tiptop,2/14/2022 0:00,abmi600,R41CTP-801,,N,0,,,,,,,,,,,,,,,,0,1,,,SAND,
10MN12C06XXX,30,0000-100089,2/14/2022 0:00,,540,1,0,,KG,1,1,,,1,N,0,N,0,1,,,,100,,R41-0-01,,N,0,tiptop,2/14/2022 0:00,abmi600,R41CTP-801,,N,0,,,,,,,,,,,,,,,,0,1,,,MSAND,
10MN12C06XXX,35,0000-100090,2/14/2022 0:00,,773,1,0,,KG,1,1,,,1,N,0,N,0,1,,,,100,,R41-0-01,,N,0,tiptop,2/14/2022 0:00,abmi600,R41CTP-801,,N,0,,,,,,,,,,,,,,,,0,1,,,AGG1,
10MN12C06XXX,40,0000-100091,2/14/2022 0:00,,0,1,0,,KG,1,1,,,0,N,0,N,0,1,,,,100,,R41-0-01,,N,0,tiptop,2/14/2022 0:00,abmi600,R41CTP-801,,N,0,,,,,,,,,,,,,,,,0,1,,,AGG2,
10MN12C06XXX,45,0000-100092,2/14/2022 0:00,,0,1,0,,KG,1,1,,,0,N,0,N,0,1,,,,100,,R41-0-01,,N,0,tiptop,2/14/2022 0:00,abmi600,R41CTP-801,,N,0,,,,,,,,,,,,,,,,0,1,,,AGG3,
10MN12C06XXX,50,0002-100441,2/14/2022 0:00,,0.73,1,0,,KG,1,1,,,1,N,0,N,0,1,,,,100,,R41-0-01,,N,0,tiptop,2/14/2022 0:00,abmi600,R41CTP-801,,N,0,,,,,,,,,,,,,,,,0,1,,,FLBPD-19,
10MN12C06XXX,55,0002-100440,2/14/2022 0:00,,0.00,1,0,,KG,1,1,,,0,N,0,N,0,1,,,,100,,R41-0-01,,N,0,tiptop,2/14/2022 0:00,abmi600,R41CTP-801,,N,0,,,,,,,,,,,,,,,,0,1,,,FLBNF-15,
10MN12C06XXX,60,0002-100442,2/14/2022 0:00,,0.00,1,0,,KG,1,1,,,0,N,0,N,0,1,,,,100,,R41-0-01,,N,0,tiptop,2/14/2022 0:00,abmi600,R41CTP-801,,N,0,,,,,,,,,,,,,,,,0,1,,,FLB-RPF34,
12MN12C06XXX,10,0000-100030,2/14/2022 0:00,,178,1,0,,KG,1,1,,,0,N,0,N,0,1,,,,100,,R41-0-02,,N,0,tiptop,2/14/2022 0:00,abmi600,R41CTP-801,,N,0,,,,,,,,,,,,,,,,0,1,,,WATER,1627
12MN12C06XXX,15,0000-100011,2/14/2022 0:00,,171,1,0,,KG,1,1,,,0,N,0,N,0,1,,,,100,,R41-0-01,,N,0,tiptop,2/14/2022 0:00,abmi600,R41CTP-801,,N,0,,,,,,,,,,,,,,,,0,1,,,SEMEN,
12MN12C06XXX,20,0000-000015,2/14/2022 0:00,,57,1,0,,KG,1,1,,,1,N,0,N,0,1,,,,100,,R41-0-01,,N,0,tiptop,2/14/2022 0:00,abmi600,R41CTP-801,,N,0,,,,,,,,,,,,,,,,0,1,,,FA,
12MN12C06XXX,25,0000-100094,2/14/2022 0:00,,544,1,0,,KG,1,1,,,0,N,0,N,0,1,,,,100,,R41-0-Z0,,N,0,tiptop,2/14/2022 0:00,abmi600,R41CTP-801,,N,0,,,,,,,,,,,,,,,,0,1,,,SAND,
12MN12C06XXX,30,0000-100089,2/14/2022 0:00,,532,1,0,,KG,1,1,,,1,N,0,N,0,1,,,,100,,R41-0-01,,N,0,tiptop,2/14/2022 0:00,abmi600,R41CTP-801,,N,0,,,,,,,,,,,,,,,,0,1,,,MSAND,
12MN12C06XXX,35,0000-100090,2/14/2022 0:00,,773,1,0,,KG,1,1,,,1,N,0,N,0,1,,,,100,,R41-0-01,,N,0,tiptop,2/14/2022 0:00,abmi600,R41CTP-801,,N,0,,,,,,,,,,,,,,,,0,1,,,AGG1,
12MN12C06XXX,40,0000-100091,2/14/2022 0:00,,0,1,0,,KG,1,1,,,0,N,0,N,0,1,,,,100,,R41-0-01,,N,0,tiptop,2/14/2022 0:00,abmi600,R41CTP-801,,N,0,,,,,,,,,,,,,,,,0,1,,,AGG2,
12MN12C06XXX,45,0000-100092,2/14/2022 0:00,,0,1,0,,KG,1,1,,,0,N,0,N,0,1,,,,100,,R41-0-01,,N,0,tiptop,2/14/2022 0:00,abmi600,R41CTP-801,,N,0,,,,,,,,,,,,,,,,0,1,,,AGG3,
12MN12C06XXX,50,0002-100441,2/14/2022 0:00,,0.79,1,0,,KG,1,1,,,1,N,0,N,0,1,,,,100,,R41-0-01,,N,0,tiptop,2/14/2022 0:00,abmi600,R41CTP-801,,N,0,,,,,,,,,,,,,,,,0,1,,,FLBPD-19,
12MN12C06XXX,55,0002-100440,2/14/2022 0:00,,0.00,1,0,,KG,1,1,,,0,N,0,N,0,1,,,,100,,R41-0-01,,N,0,tiptop,2/14/2022 0:00,abmi600,R41CTP-801,,N,0,,,,,,,,,,,,,,,,0,1,,,FLBNF-15,
12MN12C06XXX,60,0002-100442,2/14/2022 0:00,,0.00,1,0,,KG,1,1,,,0,N,0,N,0,1,,,,100,,R41-0-01,,N,0,tiptop,2/14/2022 0:00,abmi600,R41CTP-801,,N,0,,,,,,,,,,,,,,,,0,1,,,FLB-RPF34,
14MN12C06XXX,10,0000-100030,2/14/2022 0:00,,178,1,0,,KG,1,1,,,0,N,0,N,0,1,,,,100,,R41-0-02,,N,0,tiptop,2/14/2022 0:00,abmi600,R41CTP-801,,N,0,,,,,,,,,,,,,,,,0,1,,,WATER,1628
14MN12C06XXX,15,0000-100011,2/14/2022 0:00,,184,1,0,,KG,1,1,,,0,N,0,N,0,1,,,,100,,R41-0-01,,N,0,tiptop,2/14/2022 0:00,abmi600,R41CTP-801,,N,0,,,,,,,,,,,,,,,,0,1,,,SEMEN,
14MN12C06XXX,20,0000-000015,2/14/2022 0:00,,61,1,0,,KG,1,1,,,1,N,0,N,0,1,,,,100,,R41-0-01,,N,0,tiptop,2/14/2022 0:00,abmi600,R41CTP-801,,N,0,,,,,,,,,,,,,,,,0,1,,,FA,
14MN12C06XXX,25,0000-100094,2/14/2022 0:00,,536,1,0,,KG,1,1,,,0,N,0,N,0,1,,,,100,,R41-0-Z0,,N,0,tiptop,2/14/2022 0:00,abmi600,R41CTP-801,,N,0,,,,,,,,,,,,,,,,0,1,,,SAND,
14MN12C06XXX,30,0000-100089,2/14/2022 0:00,,524,1,0,,KG,1,1,,,1,N,0,N,0,1,,,,100,,R41-0-01,,N,0,tiptop,2/14/2022 0:00,abmi600,R41CTP-801,,N,0,,,,,,,,,,,,,,,,0,1,,,MSAND,
14MN12C06XXX,35,0000-100090,2/14/2022 0:00,,773,1,0,,KG,1,1,,,1,N,0,N,0,1,,,,100,,R41-0-01,,N,0,tiptop,2/14/2022 0:00,abmi600,R41CTP-801,,N,0,,,,,,,,,,,,,,,,0,1,,,AGG1,
14MN12C06XXX,40,0000-100091,2/14/2022 0:00,,0,1,0,,KG,1,1,,,0,N,0,N,0,1,,,,100,,R41-0-01,,N,0,tiptop,2/14/2022 0:00,abmi600,R41CTP-801,,N,0,,,,,,,,,,,,,,,,0,1,,,AGG2,
14MN12C06XXX,45,0000-100092,2/14/2022 0:00,,0,1,0,,KG,1,1,,,0,N,0,N,0,1,,,,100,,R41-0-01,,N,0,tiptop,2/14/2022 0:00,abmi600,R41CTP-801,,N,0,,,,,,,,,,,,,,,,0,1,,,AGG3,
14MN12C06XXX,50,0002-100441,2/14/2022 0:00,,0.86,1,0,,KG,1,1,,,1,N,0,N,0,1,,,,100,,R41-0-01,,N,0,tiptop,2/14/2022 0:00,abmi600,R41CTP-801,,N,0,,,,,,,,,,,,,,,,0,1,,,FLBPD-19,
14MN12C06XXX,55,0002-100440,2/14/2022 0:00,,0.00,1,0,,KG,1,1,,,0,N,0,N,0,1,,,,100,,R41-0-01,,N,0,tiptop,2/14/2022 0:00,abmi600,R41CTP-801,,N,0,,,,,,,,,,,,,,,,0,1,,,FLBNF-15,
14MN12C06XXX,60,0002-100442,2/14/2022 0:00,,0.00,1,0,,KG,1,1,,,0,N,0,N,0,1,,,,100,,R41-0-01,,N,0,tiptop,2/14/2022 0:00,abmi600,R41CTP-801,,N,0,,,,,,,,,,,,,,,,0,1,,,FLB-RPF34,
16MN12C06XXX,10,0000-100030,2/14/2022 0:00,,178,1,0,,KG,1,1,,,0,N,0,N,0,1,,,,100,,R41-0-02,,N,0,tiptop,2/14/2022 0:00,abmi600,R41CTP-801,,N,0,,,,,,,,,,,,,,,,0,1,,,WATER,1629
16MN12C06XXX,15,0000-100011,2/14/2022 0:00,,198,1,0,,KG,1,1,,,0,N,0,N,0,1,,,,100,,R41-0-01,,N,0,tiptop,2/14/2022 0:00,abmi600,R41CTP-801,,N,0,,,,,,,,,,,,,,,,0,1,,,SEMEN,
16MN12C06XXX,20,0000-000015,2/14/2022 0:00,,66,1,0,,KG,1,1,,,1,N,0,N,0,1,,,,100,,R41-0-01,,N,0,tiptop,2/14/2022 0:00,abmi600,R41CTP-801,,N,0,,,,,,,,,,,,,,,,0,1,,,FA,
16MN12C06XXX,25,0000-100094,2/14/2022 0:00,,528,1,0,,KG,1,1,,,0,N,0,N,0,1,,,,100,,R41-0-Z0,,N,0,tiptop,2/14/2022 0:00,abmi600,R41CTP-801,,N,0,,,,,,,,,,,,,,,,0,1,,,SAND,
16MN12C06XXX,30,0000-100089,2/14/2022 0:00,,515,1,0,,KG,1,1,,,1,N,0,N,0,1,,,,100,,R41-0-01,,N,0,tiptop,2/14/2022 0:00,abmi600,R41CTP-801,,N,0,,,,,,,,,,,,,,,,0,1,,,MSAND,
16MN12C06XXX,35,0000-100090,2/14/2022 0:00,,773,1,0,,KG,1,1,,,1,N,0,N,0,1,,,,100,,R41-0-01,,N,0,tiptop,2/14/2022 0:00,abmi600,R41CTP-801,,N,0,,,,,,,,,,,,,,,,0,1,,,AGG1,
16MN12C06XXX,40,0000-100091,2/14/2022 0:00,,0,1,0,,KG,1,1,,,0,N,0,N,0,1,,,,100,,R41-0-01,,N,0,tiptop,2/14/2022 0:00,abmi600,R41CTP-801,,N,0,,,,,,,,,,,,,,,,0,1,,,AGG2,
16MN12C06XXX,45,0000-100092,2/14/2022 0:00,,0,1,0,,KG,1,1,,,0,N,0,N,0,1,,,,100,,R41-0-01,,N,0,tiptop,2/14/2022 0:00,abmi600,R41CTP-801,,N,0,,,,,,,,,,,,,,,,0,1,,,AGG3,
16MN12C06XXX,50,0002-100441,2/14/2022 0:00,,0.92,1,0,,KG,1,1,,,1,N,0,N,0,1,,,,100,,R41-0-01,,N,0,tiptop,2/14/2022 0:00,abmi600,R41CTP-801,,N,0,,,,,,,,,,,,,,,,0,1,,,FLBPD-19,
16MN12C06XXX,55,0002-100440,2/14/2022 0:00,,0.00,1,0,,KG,1,1,,,0,N,0,N,0,1,,,,100,,R41-0-01,,N,0,tiptop,2/14/2022 0:00,abmi600,R41CTP-801,,N,0,,,,,,,,,,,,,,,,0,1,,,FLBNF-15,
16MN12C06XXX,60,0002-100442,2/14/2022 0:00,,0.00,1,0,,KG,1,1,,,0,N,0,N,0,1,,,,100,,R41-0-01,,N,0,tiptop,2/14/2022 0:00,abmi600,R41CTP-801,,N,0,,,,,,,,,,,,,,,,0,1,,,FLB-RPF34,
18MN12C06XXX,10,0000-100030,2/14/2022 0:00,,178,1,0,,KG,1,1,,,0,N,0,N,0,1,,,,100,,R41-0-02,,N,0,tiptop,2/14/2022 0:00,abmi600,R41CTP-801,,N,0,,,,,,,,,,,,,,,,0,1,,,WATER,1630
18MN12C06XXX,15,0000-100011,2/14/2022 0:00,,211,1,0,,KG,1,1,,,0,N,0,N,0,1,,,,100,,R41-0-01,,N,0,tiptop,2/14/2022 0:00,abmi600,R41CTP-801,,N,0,,,,,,,,,,,,,,,,0,1,,,SEMEN,
18MN12C06XXX,20,0000-000015,2/14/2022 0:00,,70,1,0,,KG,1,1,,,1,N,0,N,0,1,,,,100,,R41-0-01,,N,0,tiptop,2/14/2022 0:00,abmi600,R41CTP-801,,N,0,,,,,,,,,,,,,,,,0,1,,,FA,
18MN12C06XXX,25,0000-100094,2/14/2022 0:00,,519,1,0,,KG,1,1,,,0,N,0,N,0,1,,,,100,,R41-0-Z0,,N,0,tiptop,2/14/2022 0:00,abmi600,R41CTP-801,,N,0,,,,,,,,,,,,,,,,0,1,,,SAND,
18MN12C06XXX,30,0000-100089,2/14/2022 0:00,,507,1,0,,KG,1,1,,,1,N,0,N,0,1,,,,100,,R41-0-01,,N,0,tiptop,2/14/2022 0:00,abmi600,R41CTP-801,,N,0,,,,,,,,,,,,,,,,0,1,,,MSAND,
18MN12C06XXX,35,0000-100090,2/14/2022 0:00,,773,1,0,,KG,1,1,,,1,N,0,N,0,1,,,,100,,R41-0-01,,N,0,tiptop,2/14/2022 0:00,abmi600,R41CTP-801,,N,0,,,,,,,,,,,,,,,,0,1,,,AGG1,
18MN12C06XXX,40,0000-100091,2/14/2022 0:00,,0,1,0,,KG,1,1,,,0,N,0,N,0,1,,,,100,,R41-0-01,,N,0,tiptop,2/14/2022 0:00,abmi600,R41CTP-801,,N,0,,,,,,,,,,,,,,,,0,1,,,AGG2,
18MN12C06XXX,45,0000-100092,2/14/2022 0:00,,0,1,0,,KG,1,1,,,0,N,0,N,0,1,,,,100,,R41-0-01,,N,0,tiptop,2/14/2022 0:00,abmi600,R41CTP-801,,N,0,,,,,,,,,,,,,,,,0,1,,,AGG3,
18MN12C06XXX,50,0002-100441,2/14/2022 0:00,,0.98,1,0,,KG,1,1,,,1,N,0,N,0,1,,,,100,,R41-0-01,,N,0,tiptop,2/14/2022 0:00,abmi600,R41CTP-801,,N,0,,,,,,,,,,,,,,,,0,1,,,FLBPD-19,
18MN12C06XXX,55,0002-100440,2/14/2022 0:00,,0.00,1,0,,KG,1,1,,,0,N,0,N,0,1,,,,100,,R41-0-01,,N,0,tiptop,2/14/2022 0:00,abmi600,R41CTP-801,,N,0,,,,,,,,,,,,,,,,0,1,,,FLBNF-15,
18MN12C06XXX,60,0002-100442,2/14/2022 0:00,,0.00,1,0,,KG,1,1,,,0,N,0,N,0,1,,,,100,,R41-0-01,,N,0,tiptop,2/14/2022 0:00,abmi600,R41CTP-801,,N,0,,,,,,,,,,,,,,,,0,1,,,FLB-RPF34,
20MN12C06XXX,10,0000-100030,2/14/2022 0:00,,178,1,0,,KG,1,1,,,0,N,0,N,0,1,,,,100,,R41-0-02,,N,0,tiptop,2/14/2022 0:00,abmi600,R41CTP-801,,N,0,,,,,,,,,,,,,,,,0,1,,,WATER,1631
20MN12C06XXX,15,0000-100011,2/14/2022 0:00,,225,1,0,,KG,1,1,,,0,N,0,N,0,1,,,,100,,R41-0-01,,N,0,tiptop,2/14/2022 0:00,abmi600,R41CTP-801,,N,0,,,,,,,,,,,,,,,,0,1,,,SEMEN,
20MN12C06XXX,20,0000-000015,2/14/2022 0:00,,75,1,0,,KG,1,1,,,1,N,0,N,0,1,,,,100,,R41-0-01,,N,0,tiptop,2/14/2022 0:00,abmi600,R41CTP-801,,N,0,,,,,,,,,,,,,,,,0,1,,,FA,
20MN12C06XXX,25,0000-100094,2/14/2022 0:00,,511,1,0,,KG,1,1,,,0,N,0,N,0,1,,,,100,,R41-0-Z0,,N,0,tiptop,2/14/2022 0:00,abmi600,R41CTP-801,,N,0,,,,,,,,,,,,,,,,0,1,,,SAND,
20MN12C06XXX,30,0000-100089,2/14/2022 0:00,,499,1,0,,KG,1,1,,,1,N,0,N,0,1,,,,100,,R41-0-01,,N,0,tiptop,2/14/2022 0:00,abmi600,R41CTP-801,,N,0,,,,,,,,,,,,,,,,0,1,,,MSAND,
20MN12C06XXX,35,0000-100090,2/14/2022 0:00,,773,1,0,,KG,1,1,,,1,N,0,N,0,1,,,,100,,R41-0-01,,N,0,tiptop,2/14/2022 0:00,abmi600,R41CTP-801,,N,0,,,,,,,,,,,,,,,,0,1,,,AGG1,
20MN12C06XXX,40,0000-100091,2/14/2022 0:00,,0,1,0,,KG,1,1,,,0,N,0,N,0,1,,,,100,,R41-0-01,,N,0,tiptop,2/14/2022 0:00,abmi600,R41CTP-801,,N,0,,,,,,,,,,,,,,,,0,1,,,AGG2,
20MN12C06XXX,45,0000-100092,2/14/2022 0:00,,0,1,0,,KG,1,1,,,0,N,0,N,0,1,,,,100,,R41-0-01,,N,0,tiptop,2/14/2022 0:00,abmi600,R41CTP-801,,N,0,,,,,,,,,,,,,,,,0,1,,,AGG3,
20MN12C06XXX,50,0002-100441,2/14/2022 0:00,,1.04,1,0,,KG,1,1,,,1,N,0,N,0,1,,,,100,,R41-0-01,,N,0,tiptop,2/14/2022 0:00,abmi600,R41CTP-801,,N,0,,,,,,,,,,,,,,,,0,1,,,FLBPD-19,
20MN12C06XXX,55,0002-100440,2/14/2022 0:00,,0.00,1,0,,KG,1,1,,,0,N,0,N,0,1,,,,100,,R41-0-01,,N,0,tiptop,2/14/2022 0:00,abmi600,R41CTP-801,,N,0,,,,,,,,,,,,,,,,0,1,,,FLBNF-15,
20MN12C06XXX,60,0002-100442,2/14/2022 0:00,,0.00,1,0,,KG,1,1,,,0,N,0,N,0,1,,,,100,,R41-0-01,,N,0,tiptop,2/14/2022 0:00,abmi600,R41CTP-801,,N,0,,,,,,,,,,,,,,,,0,1,,,FLB-RPF34,
22MN12C06XXX,10,0000-100030,2/14/2022 0:00,,181,1,0,,KG,1,1,,,0,N,0,N,0,1,,,,100,,R41-0-02,,N,0,tiptop,2/14/2022 0:00,abmi600,R41CTP-801,,N,0,,,,,,,,,,,,,,,,0,1,,,WATER,1632
22MN12C06XXX,15,0000-100011,2/14/2022 0:00,,243,1,0,,KG,1,1,,,0,N,0,N,0,1,,,,100,,R41-0-01,,N,0,tiptop,2/14/2022 0:00,abmi600,R41CTP-801,,N,0,,,,,,,,,,,,,,,,0,1,,,SEMEN,
22MN12C06XXX,20,0000-000015,2/14/2022 0:00,,81,1,0,,KG,1,1,,,1,N,0,N,0,1,,,,100,,R41-0-01,,N,0,tiptop,2/14/2022 0:00,abmi600,R41CTP-801,,N,0,,,,,,,,,,,,,,,,0,1,,,FA,
22MN12C06XXX,25,0000-100094,2/14/2022 0:00,,495,1,0,,KG,1,1,,,0,N,0,N,0,1,,,,100,,R41-0-Z0,,N,0,tiptop,2/14/2022 0:00,abmi600,R41CTP-801,,N,0,,,,,,,,,,,,,,,,0,1,,,SAND,
22MN12C06XXX,30,0000-100089,2/14/2022 0:00,,483,1,0,,KG,1,1,,,1,N,0,N,0,1,,,,100,,R41-0-01,,N,0,tiptop,2/14/2022 0:00,abmi600,R41CTP-801,,N,0,,,,,,,,,,,,,,,,0,1,,,MSAND,
22MN12C06XXX,35,0000-100090,2/14/2022 0:00,,773,1,0,,KG,1,1,,,1,N,0,N,0,1,,,,100,,R41-0-01,,N,0,tiptop,2/14/2022 0:00,abmi600,R41CTP-801,,N,0,,,,,,,,,,,,,,,,0,1,,,AGG1,
22MN12C06XXX,40,0000-100091,2/14/2022 0:00,,0,1,0,,KG,1,1,,,0,N,0,N,0,1,,,,100,,R41-0-01,,N,0,tiptop,2/14/2022 0:00,abmi600,R41CTP-801,,N,0,,,,,,,,,,,,,,,,0,1,,,AGG2,
22MN12C06XXX,45,0000-100092,2/14/2022 0:00,,0,1,0,,KG,1,1,,,0,N,0,N,0,1,,,,100,,R41-0-01,,N,0,tiptop,2/14/2022 0:00,abmi600,R41CTP-801,,N,0,,,,,,,,,,,,,,,,0,1,,,AGG3,
22MN12C06XXX,50,0002-100441,2/14/2022 0:00,,1.13,1,0,,KG,1,1,,,1,N,0,N,0,1,,,,100,,R41-0-01,,N,0,tiptop,2/14/2022 0:00,abmi600,R41CTP-801,,N,0,,,,,,,,,,,,,,,,0,1,,,FLBPD-19,
22MN12C06XXX,55,0002-100440,2/14/2022 0:00,,0.75,1,0,,KG,1,1,,,0,N,0,N,0,1,,,,100,,R41-0-01,,N,0,tiptop,2/14/2022 0:00,abmi600,R41CTP-801,,N,0,,,,,,,,,,,,,,,,0,1,,,FLBNF-15,
22MN12C06XXX,60,0002-100442,2/14/2022 0:00,,0.00,1,0,,KG,1,1,,,0,N,0,N,0,1,,,,100,,R41-0-01,,N,0,tiptop,2/14/2022 0:00,abmi600,R41CTP-801,,N,0,,,,,,,,,,,,,,,,0,1,,,FLB-RPF34,
25MN12C06XXX,10,0000-100030,2/14/2022 0:00,,181,1,0,,KG,1,1,,,0,N,0,N,0,1,,,,100,,R41-0-02,,N,0,tiptop,2/14/2022 0:00,abmi600,R41CTP-801,,N,0,,,,,,,,,,,,,,,,0,1,,,WATER,1633
25MN12C06XXX,15,0000-100011,2/14/2022 0:00,,266,1,0,,KG,1,1,,,0,N,0,N,0,1,,,,100,,R41-0-01,,N,0,tiptop,2/14/2022 0:00,abmi600,R41CTP-801,,N,0,,,,,,,,,,,,,,,,0,1,,,SEMEN,
25MN12C06XXX,20,0000-000015,2/14/2022 0:00,,89,1,0,,KG,1,1,,,1,N,0,N,0,1,,,,100,,R41-0-01,,N,0,tiptop,2/14/2022 0:00,abmi600,R41CTP-801,,N,0,,,,,,,,,,,,,,,,0,1,,,FA,
25MN12C06XXX,25,0000-100094,2/14/2022 0:00,,481,1,0,,KG,1,1,,,0,N,0,N,0,1,,,,100,,R41-0-Z0,,N,0,tiptop,2/14/2022 0:00,abmi600,R41CTP-801,,N,0,,,,,,,,,,,,,,,,0,1,,,SAND,
25MN12C06XXX,30,0000-100089,2/14/2022 0:00,,470,1,0,,KG,1,1,,,1,N,0,N,0,1,,,,100,,R41-0-01,,N,0,tiptop,2/14/2022 0:00,abmi600,R41CTP-801,,N,0,,,,,,,,,,,,,,,,0,1,,,MSAND,
25MN12C06XXX,35,0000-100090,2/14/2022 0:00,,773,1,0,,KG,1,1,,,1,N,0,N,0,1,,,,100,,R41-0-01,,N,0,tiptop,2/14/2022 0:00,abmi600,R41CTP-801,,N,0,,,,,,,,,,,,,,,,0,1,,,AGG1,
25MN12C06XXX,40,0000-100091,2/14/2022 0:00,,0,1,0,,KG,1,1,,,0,N,0,N,0,1,,,,100,,R41-0-01,,N,0,tiptop,2/14/2022 0:00,abmi600,R41CTP-801,,N,0,,,,,,,,,,,,,,,,0,1,,,AGG2,
25MN12C06XXX,45,0000-100092,2/14/2022 0:00,,0,1,0,,KG,1,1,,,0,N,0,N,0,1,,,,100,,R41-0-01,,N,0,tiptop,2/14/2022 0:00,abmi600,R41CTP-801,,N,0,,,,,,,,,,,,,,,,0,1,,,AGG3,
25MN12C06XXX,50,0002-100441,2/14/2022 0:00,,1.23,1,0,,KG,1,1,,,1,N,0,N,0,1,,,,100,,R41-0-01,,N,0,tiptop,2/14/2022 0:00,abmi600,R41CTP-801,,N,0,,,,,,,,,,,,,,,,0,1,,,FLBPD-19,
25MN12C06XXX,55,0002-100440,2/14/2022 0:00,,0.82,1,0,,KG,1,1,,,0,N,0,N,0,1,,,,100,,R41-0-01,,N,0,tiptop,2/14/2022 0:00,abmi600,R41CTP-801,,N,0,,,,,,,,,,,,,,,,0,1,,,FLBNF-15,
25MN12C06XXX,60,0002-100442,2/14/2022 0:00,,0.00,1,0,,KG,1,1,,,0,N,0,N,0,1,,,,100,,R41-0-01,,N,0,tiptop,2/14/2022 0:00,abmi600,R41CTP-801,,N,0,,,,,,,,,,,,,,,,0,1,,,FLB-RPF34,
27MN12C06XXX,10,0000-100030,2/14/2022 0:00,,181,1,0,,KG,1,1,,,0,N,0,N,0,1,,,,100,,R41-0-02,,N,0,tiptop,2/14/2022 0:00,abmi600,R41CTP-801,,N,0,,,,,,,,,,,,,,,,0,1,,,WATER,1634
27MN12C06XXX,15,0000-100011,2/14/2022 0:00,,281,1,0,,KG,1,1,,,0,N,0,N,0,1,,,,100,,R41-0-01,,N,0,tiptop,2/14/2022 0:00,abmi600,R41CTP-801,,N,0,,,,,,,,,,,,,,,,0,1,,,SEMEN,
27MN12C06XXX,20,0000-000015,2/14/2022 0:00,,94,1,0,,KG,1,1,,,1,N,0,N,0,1,,,,100,,R41-0-01,,N,0,tiptop,2/14/2022 0:00,abmi600,R41CTP-801,,N,0,,,,,,,,,,,,,,,,0,1,,,FA,
27MN12C06XXX,25,0000-100094,2/14/2022 0:00,,471,1,0,,KG,1,1,,,0,N,0,N,0,1,,,,100,,R41-0-Z0,,N,0,tiptop,2/14/2022 0:00,abmi600,R41CTP-801,,N,0,,,,,,,,,,,,,,,,0,1,,,SAND,
27MN12C06XXX,30,0000-100089,2/14/2022 0:00,,460,1,0,,KG,1,1,,,1,N,0,N,0,1,,,,100,,R41-0-01,,N,0,tiptop,2/14/2022 0:00,abmi600,R41CTP-801,,N,0,,,,,,,,,,,,,,,,0,1,,,MSAND,
27MN12C06XXX,35,0000-100090,2/14/2022 0:00,,773,1,0,,KG,1,1,,,1,N,0,N,0,1,,,,100,,R41-0-01,,N,0,tiptop,2/14/2022 0:00,abmi600,R41CTP-801,,N,0,,,,,,,,,,,,,,,,0,1,,,AGG1,
27MN12C06XXX,40,0000-100091,2/14/2022 0:00,,0,1,0,,KG,1,1,,,0,N,0,N,0,1,,,,100,,R41-0-01,,N,0,tiptop,2/14/2022 0:00,abmi600,R41CTP-801,,N,0,,,,,,,,,,,,,,,,0,1,,,AGG2,
27MN12C06XXX,45,0000-100092,2/14/2022 0:00,,0,1,0,,KG,1,1,,,0,N,0,N,0,1,,,,100,,R41-0-01,,N,0,tiptop,2/14/2022 0:00,abmi600,R41CTP-801,,N,0,,,,,,,,,,,,,,,,0,1,,,AGG3,
27MN12C06XXX,50,0002-100441,2/14/2022 0:00,,1.31,1,0,,KG,1,1,,,1,N,0,N,0,1,,,,100,,R41-0-01,,N,0,tiptop,2/14/2022 0:00,abmi600,R41CTP-801,,N,0,,,,,,,,,,,,,,,,0,1,,,FLBPD-19,
27MN12C06XXX,55,0002-100440,2/14/2022 0:00,,0.87,1,0,,KG,1,1,,,0,N,0,N,0,1,,,,100,,R41-0-01,,N,0,tiptop,2/14/2022 0:00,abmi600,R41CTP-801,,N,0,,,,,,,,,,,,,,,,0,1,,,FLBNF-15,
27MN12C06XXX,60,0002-100442,2/14/2022 0:00,,0.00,1,0,,KG,1,1,,,0,N,0,N,0,1,,,,100,,R41-0-01,,N,0,tiptop,2/14/2022 0:00,abmi600,R41CTP-801,,N,0,,,,,,,,,,,,,,,,0,1,,,FLB-RPF34,
30MN12C06XXX,10,0000-100030,2/14/2022 0:00,,181,1,0,,KG,1,1,,,0,N,0,N,0,1,,,,100,,R41-0-02,,N,0,tiptop,2/14/2022 0:00,abmi600,R41CTP-801,,N,0,,,,,,,,,,,,,,,,0,1,,,WATER,1635
30MN12C06XXX,15,0000-100011,2/14/2022 0:00,,306,1,0,,KG,1,1,,,0,N,0,N,0,1,,,,100,,R41-0-01,,N,0,tiptop,2/14/2022 0:00,abmi600,R41CTP-801,,N,0,,,,,,,,,,,,,,,,0,1,,,SEMEN,
30MN12C06XXX,20,0000-000015,2/14/2022 0:00,,102,1,0,,KG,1,1,,,1,N,0,N,0,1,,,,100,,R41-0-01,,N,0,tiptop,2/14/2022 0:00,abmi600,R41CTP-801,,N,0,,,,,,,,,,,,,,,,0,1,,,FA,
30MN12C06XXX,25,0000-100094,2/14/2022 0:00,,456,1,0,,KG,1,1,,,0,N,0,N,0,1,,,,100,,R41-0-Z0,,N,0,tiptop,2/14/2022 0:00,abmi600,R41CTP-801,,N,0,,,,,,,,,,,,,,,,0,1,,,SAND,
30MN12C06XXX,30,0000-100089,2/14/2022 0:00,,445,1,0,,KG,1,1,,,1,N,0,N,0,1,,,,100,,R41-0-01,,N,0,tiptop,2/14/2022 0:00,abmi600,R41CTP-801,,N,0,,,,,,,,,,,,,,,,0,1,,,MSAND,
30MN12C06XXX,35,0000-100090,2/14/2022 0:00,,773,1,0,,KG,1,1,,,1,N,0,N,0,1,,,,100,,R41-0-01,,N,0,tiptop,2/14/2022 0:00,abmi600,R41CTP-801,,N,0,,,,,,,,,,,,,,,,0,1,,,AGG1,
30MN12C06XXX,40,0000-100091,2/14/2022 0:00,,0,1,0,,KG,1,1,,,0,N,0,N,0,1,,,,100,,R41-0-01,,N,0,tiptop,2/14/2022 0:00,abmi600,R41CTP-801,,N,0,,,,,,,,,,,,,,,,0,1,,,AGG2,
30MN12C06XXX,45,0000-100092,2/14/2022 0:00,,0,1,0,,KG,1,1,,,0,N,0,N,0,1,,,,100,,R41-0-01,,N,0,tiptop,2/14/2022 0:00,abmi600,R41CTP-801,,N,0,,,,,,,,,,,,,,,,0,1,,,AGG3,
30MN12C06XXX,50,0002-100441,2/14/2022 0:00,,1.42,1,0,,KG,1,1,,,1,N,0,N,0,1,,,,100,,R41-0-01,,N,0,tiptop,2/14/2022 0:00,abmi600,R41CTP-801,,N,0,,,,,,,,,,,,,,,,0,1,,,FLBPD-19,
30MN12C06XXX,55,0002-100440,2/14/2022 0:00,,0.95,1,0,,KG,1,1,,,0,N,0,N,0,1,,,,100,,R41-0-01,,N,0,tiptop,2/14/2022 0:00,abmi600,R41CTP-801,,N,0,,,,,,,,,,,,,,,,0,1,,,FLBNF-15,
30MN12C06XXX,60,0002-100442,2/14/2022 0:00,,0.00,1,0,,KG,1,1,,,0,N,0,N,0,1,,,,100,,R41-0-01,,N,0,tiptop,2/14/2022 0:00,abmi600,R41CTP-801,,N,0,,,,,,,,,,,,,,,,0,1,,,FLB-RPF34,
32MN12C06XXX,10,0000-100030,2/14/2022 0:00,,181,1,0,,KG,1,1,,,0,N,0,N,0,1,,,,100,,R41-0-02,,N,0,tiptop,2/14/2022 0:00,abmi600,R41CTP-801,,N,0,,,,,,,,,,,,,,,,0,1,,,WATER,1636
32MN12C06XXX,15,0000-100011,2/14/2022 0:00,,323,1,0,,KG,1,1,,,0,N,0,N,0,1,,,,100,,R41-0-01,,N,0,tiptop,2/14/2022 0:00,abmi600,R41CTP-801,,N,0,,,,,,,,,,,,,,,,0,1,,,SEMEN,
32MN12C06XXX,20,0000-000015,2/14/2022 0:00,,108,1,0,,KG,1,1,,,1,N,0,N,0,1,,,,100,,R41-0-01,,N,0,tiptop,2/14/2022 0:00,abmi600,R41CTP-801,,N,0,,,,,,,,,,,,,,,,0,1,,,FA,
32MN12C06XXX,25,0000-100094,2/14/2022 0:00,,445,1,0,,KG,1,1,,,0,N,0,N,0,1,,,,100,,R41-0-Z0,,N,0,tiptop,2/14/2022 0:00,abmi600,R41CTP-801,,N,0,,,,,,,,,,,,,,,,0,1,,,SAND,
32MN12C06XXX,30,0000-100089,2/14/2022 0:00,,435,1,0,,KG,1,1,,,1,N,0,N,0,1,,,,100,,R41-0-01,,N,0,tiptop,2/14/2022 0:00,abmi600,R41CTP-801,,N,0,,,,,,,,,,,,,,,,0,1,,,MSAND,
32MN12C06XXX,35,0000-100090,2/14/2022 0:00,,773,1,0,,KG,1,1,,,1,N,0,N,0,1,,,,100,,R41-0-01,,N,0,tiptop,2/14/2022 0:00,abmi600,R41CTP-801,,N,0,,,,,,,,,,,,,,,,0,1,,,AGG1,
32MN12C06XXX,40,0000-100091,2/14/2022 0:00,,0,1,0,,KG,1,1,,,0,N,0,N,0,1,,,,100,,R41-0-01,,N,0,tiptop,2/14/2022 0:00,abmi600,R41CTP-801,,N,0,,,,,,,,,,,,,,,,0,1,,,AGG2,
32MN12C06XXX,45,0000-100092,2/14/2022 0:00,,0,1,0,,KG,1,1,,,0,N,0,N,0,1,,,,100,,R41-0-01,,N,0,tiptop,2/14/2022 0:00,abmi600,R41CTP-801,,N,0,,,,,,,,,,,,,,,,0,1,,,AGG3,
32MN12C06XXX,50,0002-100441,2/14/2022 0:00,,1.50,1,0,,KG,1,1,,,1,N,0,N,0,1,,,,100,,R41-0-01,,N,0,tiptop,2/14/2022 0:00,abmi600,R41CTP-801,,N,0,,,,,,,,,,,,,,,,0,1,,,FLBPD-19,
32MN12C06XXX,55,0002-100440,2/14/2022 0:00,,1.00,1,0,,KG,1,1,,,0,N,0,N,0,1,,,,100,,R41-0-01,,N,0,tiptop,2/14/2022 0:00,abmi600,R41CTP-801,,N,0,,,,,,,,,,,,,,,,0,1,,,FLBNF-15,
32MN12C06XXX,60,0002-100442,2/14/2022 0:00,,0.00,1,0,,KG,1,1,,,0,N,0,N,0,1,,,,100,,R41-0-01,,N,0,tiptop,2/14/2022 0:00,abmi600,R41CTP-801,,N,0,,,,,,,,,,,,,,,,0,1,,,FLB-RPF34,
33MN12C06XXX,10,0000-100030,2/14/2022 0:00,,181,1,0,,KG,1,1,,,0,N,0,N,0,1,,,,100,,R41-0-02,,N,0,tiptop,2/14/2022 0:00,abmi600,R41CTP-801,,N,0,,,,,,,,,,,,,,,,0,1,,,WATER,1637
33MN12C06XXX,15,0000-100011,2/14/2022 0:00,,332,1,0,,KG,1,1,,,0,N,0,N,0,1,,,,100,,R41-0-01,,N,0,tiptop,2/14/2022 0:00,abmi600,R41CTP-801,,N,0,,,,,,,,,,,,,,,,0,1,,,SEMEN,
33MN12C06XXX,20,0000-000015,2/14/2022 0:00,,111,1,0,,KG,1,1,,,1,N,0,N,0,1,,,,100,,R41-0-01,,N,0,tiptop,2/14/2022 0:00,abmi600,R41CTP-801,,N,0,,,,,,,,,,,,,,,,0,1,,,FA,
33MN12C06XXX,25,0000-100094,2/14/2022 0:00,,439,1,0,,KG,1,1,,,0,N,0,N,0,1,,,,100,,R41-0-Z0,,N,0,tiptop,2/14/2022 0:00,abmi600,R41CTP-801,,N,0,,,,,,,,,,,,,,,,0,1,,,SAND,
33MN12C06XXX,30,0000-100089,2/14/2022 0:00,,429,1,0,,KG,1,1,,,1,N,0,N,0,1,,,,100,,R41-0-01,,N,0,tiptop,2/14/2022 0:00,abmi600,R41CTP-801,,N,0,,,,,,,,,,,,,,,,0,1,,,MSAND,
33MN12C06XXX,35,0000-100090,2/14/2022 0:00,,773,1,0,,KG,1,1,,,1,N,0,N,0,1,,,,100,,R41-0-01,,N,0,tiptop,2/14/2022 0:00,abmi600,R41CTP-801,,N,0,,,,,,,,,,,,,,,,0,1,,,AGG1,
33MN12C06XXX,40,0000-100091,2/14/2022 0:00,,0,1,0,,KG,1,1,,,0,N,0,N,0,1,,,,100,,R41-0-01,,N,0,tiptop,2/14/2022 0:00,abmi600,R41CTP-801,,N,0,,,,,,,,,,,,,,,,0,1,,,AGG2,
33MN12C06XXX,45,0000-100092,2/14/2022 0:00,,0,1,0,,KG,1,1,,,0,N,0,N,0,1,,,,100,,R41-0-01,,N,0,tiptop,2/14/2022 0:00,abmi600,R41CTP-801,,N,0,,,,,,,,,,,,,,,,0,1,,,AGG3,
33MN12C06XXX,50,0002-100441,2/14/2022 0:00,,1.54,1,0,,KG,1,1,,,1,N,0,N,0,1,,,,100,,R41-0-01,,N,0,tiptop,2/14/2022 0:00,abmi600,R41CTP-801,,N,0,,,,,,,,,,,,,,,,0,1,,,FLBPD-19,
33MN12C06XXX,55,0002-100440,2/14/2022 0:00,,1.03,1,0,,KG,1,1,,,0,N,0,N,0,1,,,,100,,R41-0-01,,N,0,tiptop,2/14/2022 0:00,abmi600,R41CTP-801,,N,0,,,,,,,,,,,,,,,,0,1,,,FLBNF-15,
33MN12C06XXX,60,0002-100442,2/14/2022 0:00,,0.00,1,0,,KG,1,1,,,0,N,0,N,0,1,,,,100,,R41-0-01,,N,0,tiptop,2/14/2022 0:00,abmi600,R41CTP-801,,N,0,,,,,,,,,,,,,,,,0,1,,,FLB-RPF34,
35MN12C06XXX,10,0000-100030,2/14/2022 0:00,,169,1,0,,KG,1,1,,,0,N,0,N,0,1,,,,100,,R41-0-02,,N,0,tiptop,2/14/2022 0:00,abmi600,R41CTP-801,,N,0,,,,,,,,,,,,,,,,0,1,,,WATER,1638
35MN12C06XXX,15,0000-100011,2/14/2022 0:00,,327,1,0,,KG,1,1,,,0,N,0,N,0,1,,,,100,,R41-0-01,,N,0,tiptop,2/14/2022 0:00,abmi600,R41CTP-801,,N,0,,,,,,,,,,,,,,,,0,1,,,SEMEN,
35MN12C06XXX,20,0000-000015,2/14/2022 0:00,,109,1,0,,KG,1,1,,,1,N,0,N,0,1,,,,100,,R41-0-01,,N,0,tiptop,2/14/2022 0:00,abmi600,R41CTP-801,,N,0,,,,,,,,,,,,,,,,0,1,,,FA,
35MN12C06XXX,25,0000-100094,2/14/2022 0:00,,457,1,0,,KG,1,1,,,0,N,0,N,0,1,,,,100,,R41-0-Z0,,N,0,tiptop,2/14/2022 0:00,abmi600,R41CTP-801,,N,0,,,,,,,,,,,,,,,,0,1,,,SAND,
35MN12C06XXX,30,0000-100089,2/14/2022 0:00,,446,1,0,,KG,1,1,,,1,N,0,N,0,1,,,,100,,R41-0-01,,N,0,tiptop,2/14/2022 0:00,abmi600,R41CTP-801,,N,0,,,,,,,,,,,,,,,,0,1,,,MSAND,
35MN12C06XXX,35,0000-100090,2/14/2022 0:00,,773,1,0,,KG,1,1,,,1,N,0,N,0,1,,,,100,,R41-0-01,,N,0,tiptop,2/14/2022 0:00,abmi600,R41CTP-801,,N,0,,,,,,,,,,,,,,,,0,1,,,AGG1,
35MN12C06XXX,40,0000-100091,2/14/2022 0:00,,0,1,0,,KG,1,1,,,0,N,0,N,0,1,,,,100,,R41-0-01,,N,0,tiptop,2/14/2022 0:00,abmi600,R41CTP-801,,N,0,,,,,,,,,,,,,,,,0,1,,,AGG2,
35MN12C06XXX,45,0000-100092,2/14/2022 0:00,,0,1,0,,KG,1,1,,,0,N,0,N,0,1,,,,100,,R41-0-01,,N,0,tiptop,2/14/2022 0:00,abmi600,R41CTP-801,,N,0,,,,,,,,,,,,,,,,0,1,,,AGG3,
35MN12C06XXX,50,0002-100441,2/14/2022 0:00,,1.52,1,0,,KG,1,1,,,1,N,0,N,0,1,,,,100,,R41-0-01,,N,0,tiptop,2/14/2022 0:00,abmi600,R41CTP-801,,N,0,,,,,,,,,,,,,,,,0,1,,,FLBPD-19,
35MN12C06XXX,55,0002-100440,2/14/2022 0:00,,2.03,1,0,,KG,1,1,,,0,N,0,N,0,1,,,,100,,R41-0-01,,N,0,tiptop,2/14/2022 0:00,abmi600,R41CTP-801,,N,0,,,,,,,,,,,,,,,,0,1,,,FLBNF-15,
35MN12C06XXX,60,0002-100442,2/14/2022 0:00,,0.00,1,0,,KG,1,1,,,0,N,0,N,0,1,,,,100,,R41-0-01,,N,0,tiptop,2/14/2022 0:00,abmi600,R41CTP-801,,N,0,,,,,,,,,,,,,,,,0,1,,,FLB-RPF34,
